% AMR Simulation Competition Map
% 
% 
% Formatting:
% wall x1 y1 x2 y2
%   Order does not matter between the points
% line x1 y1 x2 y2
% beacon x y [r g b] ID_tag
%   [r g b] is the red-green-blue color vector
% virtwall x y theta
%   Virtual walls emit from a location, not like real walls
%   theta is the angle relative to the positive x-axis
% 
% Boundary
%
wall -5.000 -4.000  5.000 -4.000
wall  5.000 -4.000  5.000  4.000
wall  5.000  4.000 -5.000  4.000
wall -5.000  4.000 -5.000 -4.000
%
% Walls
%
wall -5.000 -4.000 -5.000  4.000
wall -5.000  4.000  5.000  4.000
wall  5.000  4.000  5.000 -4.000
wall  5.000 -4.000 -5.000 -4.000
wall -5.000  3.000 -3.000  3.000
wall -3.000  3.000 -3.000  1.000
wall -4.000  1.000 -3.000  1.000
wall -3.000  1.000 -2.000  0.000
wall -2.000  3.000 -2.000  2.000
wall -2.000  2.000 -1.000  1.000
wall -2.000  3.000 -1.000  3.000
wall -1.000  3.000 -1.000  1.000
wall -2.000 -1.000 -2.000 -2.000
wall -2.000 -2.000  0.000 -2.000
wall  0.000 -2.000  0.000 -1.000
wall -2.000 -1.000  0.000 -1.000
wall -5.000  0.000 -4.000  0.000
wall -4.000  0.000 -4.000 -1.250
wall -4.000 -4.000 -4.000 -2.750
wall -4.000 -2.750 -3.000 -2.750
wall -3.000 -2.750 -3.000 -4.000
wall -2.000 -4.000 -1.000 -3.000
wall  0.000 -4.000 -1.000 -3.000
wall  0.000  0.000  0.000  3.000
wall -4.000 -1.250 -3.000 -1.250
wall  0.000  3.000  3.000  3.000
wall  1.000 -1.000  1.000  2.000
wall  1.000  2.000  4.000  2.000
wall  2.000 -2.000  2.000  1.000
wall  2.000  1.000  5.000  1.000
wall  3.500  4.000  5.000  2.500
wall  3.000  0.000  4.000  0.000
wall  4.000  0.000  4.000 -2.000
wall  4.000 -2.000  3.000 -2.000
wall  3.000 -2.000  3.000  0.000
wall  2.000 -3.000  4.000 -3.000
wall  1.000 -2.000  1.000 -4.000
wall -4.000  0.000 -3.500  0.000
wall -5.000  2.000 -4.000  2.000
wall  0.000  0.000 -1.000  0.000
%
%
% optional walls
%
line -1.000  2.500  0.000  2.500
wall -1.000 -2.000 -1.000 -3.000
line  4.000 -1.000  5.000 -1.000
line  1.000  2.000  2.000  1.000
wall  4.000 -3.000  4.000 -4.000
line  2.000 -3.000  2.000 -4.000
%
%
% waypoints
%
% -4.50  2.50
line -4.600  2.600 -4.400  2.600
line -4.400  2.600 -4.400  2.400
line -4.400  2.400 -4.600  2.400
line -4.600  2.400 -4.600  2.600

% -3.50 -0.50
line -3.600 -0.400 -3.400 -0.400
line -3.400 -0.400 -3.400 -0.600
line -3.400 -0.600 -3.600 -0.600
line -3.600 -0.600 -3.600 -0.400

%  2.50 -1.00
line  2.400 -0.900  2.600 -0.900
line  2.600 -0.900  2.600 -1.100
line  2.600 -1.100  2.400 -1.100
line  2.400 -1.100  2.400 -0.900

% -2.00  1.00
line -2.100  1.100 -1.900  1.100
line -1.900  1.100 -1.900  0.900
line -1.900  0.900 -2.100  0.900
line -2.100  0.900 -2.100  1.100

%  3.50  2.50
line  3.400  2.600  3.600  2.600
line  3.600  2.600  3.600  2.400
line  3.600  2.400  3.400  2.400
line  3.400  2.400  3.400  2.600

% -4.50  3.50
line -4.600  3.600 -4.400  3.600
line -4.400  3.600 -4.400  3.400
line -4.400  3.400 -4.600  3.400
line -4.600  3.400 -4.600  3.600

%
%
% extra credit waypoints
%
% -4.50 -0.50
line -4.600 -0.400 -4.400 -0.400
line -4.400 -0.400 -4.400 -0.600
line -4.400 -0.600 -4.600 -0.600
line -4.600 -0.600 -4.600 -0.400
line -4.625 -0.625 -4.375 -0.375
line -4.375 -0.375 -4.625 -0.625
line -4.625 -0.375 -4.375 -0.625
line -4.375 -0.625 -4.625 -0.375
%
%  1.50  0.50
line  1.400  0.600  1.600  0.600
line  1.600  0.600  1.600  0.400
line  1.600  0.400  1.400  0.400
line  1.400  0.400  1.400  0.600
line  1.375  0.375  1.625  0.625
line  1.625  0.625  1.375  0.375
line  1.375  0.625  1.625  0.375
line  1.625  0.375  1.375  0.625
%
%  3.00 -3.50
line  2.900 -3.400  3.100 -3.400
line  3.100 -3.400  3.100 -3.600
line  3.100 -3.600  2.900 -3.600
line  2.900 -3.600  2.900 -3.400
line  2.875 -3.625  3.125 -3.375
line  3.125 -3.375  2.875 -3.625
line  2.875 -3.375  3.125 -3.625
line  3.125 -3.625  2.875 -3.375
%
% -0.50 -2.50
line -0.600 -2.400 -0.400 -2.400
line -0.400 -2.400 -0.400 -2.600
line -0.400 -2.600 -0.600 -2.600
line -0.600 -2.600 -0.600 -2.400
line -0.625 -2.625 -0.375 -2.375
line -0.375 -2.375 -0.625 -2.625
line -0.625 -2.375 -0.375 -2.625
line -0.375 -2.625 -0.625 -2.375
%
%
% stay-away points
%
% -3.75 -1.50
line -3.750 -1.450 -3.793 -1.525
line -3.750 -1.450 -3.793 -1.525
line -3.793 -1.525 -3.707 -1.525
line -3.793 -1.525 -3.707 -1.525
line -3.707 -1.525 -3.750 -1.450
line -3.707 -1.525 -3.750 -1.450
%
% -3.75 -2.50
line -3.750 -2.450 -3.793 -2.525
line -3.750 -2.450 -3.793 -2.525
line -3.793 -2.525 -3.707 -2.525
line -3.793 -2.525 -3.707 -2.525
line -3.707 -2.525 -3.750 -2.450
line -3.707 -2.525 -3.750 -2.450
%
%  0.75  2.25
line  0.750  2.300  0.707  2.225
line  0.750  2.300  0.707  2.225
line  0.707  2.225  0.793  2.225
line  0.707  2.225  0.793  2.225
line  0.793  2.225  0.750  2.300
line  0.793  2.225  0.750  2.300
%
%  3.50  0.20
line  3.500  0.250  3.457  0.175
line  3.500  0.250  3.457  0.175
line  3.457  0.175  3.543  0.175
line  3.457  0.175  3.543  0.175
line  3.543  0.175  3.500  0.250
line  3.543  0.175  3.500  0.250
%
%  1.00 -1.80
line  1.000 -1.750  0.957 -1.825
line  1.000 -1.750  0.957 -1.825
line  0.957 -1.825  1.043 -1.825
line  0.957 -1.825  1.043 -1.825
line  1.043 -1.825  1.000 -1.750
line  1.043 -1.825  1.000 -1.750
%
% -1.10  0.20
line -1.100  0.250 -1.143  0.175
line -1.100  0.250 -1.143  0.175
line -1.143  0.175 -1.057  0.175
line -1.143  0.175 -1.057  0.175
line -1.057  0.175 -1.100  0.250
line -1.057  0.175 -1.100  0.250
%
% -3.00 -1.00
line -3.000 -0.950 -3.043 -1.025
line -3.000 -0.950 -3.043 -1.025
line -3.043 -1.025 -2.957 -1.025
line -3.043 -1.025 -2.957 -1.025
line -2.957 -1.025 -3.000 -0.950
line -2.957 -1.025 -3.000 -0.950
%
%
% beacons
%
beacon -4.000 3.950 [0.0 0.0 0.0] 1
beacon -3.050 2.000 [0.0 0.0 0.0] 2
beacon  3.000 2.050 [0.0 0.0 0.0] 3
beacon -2.950 1.500 [0.0 0.0 0.0] 5
beacon -3.500 -1.200 [0.0 0.0 0.0] 6
beacon  0.050 -1.500 [0.0 0.0 0.0] 7
beacon -4.950 -2.000 [0.0 0.0 0.0] 8
beacon  2.500 0.950 [0.0 0.0 0.0] 9
beacon  1.500 3.950 [0.0 0.0 0.0] 10
beacon -2.500 -3.950 [0.0 0.0 0.0] 11
beacon  4.500 -3.950 [0.0 0.0 0.0] 12
beacon  0.950 1.000 [0.0 0.0 0.0] 13
beacon  2.000 1.950 [0.0 0.0 0.0] 14
